lifeNumbers 3
lvlNumbers 4
Wynik_1 10
Wynik_2 9
Wynik_3 8
-
3
-

/
20
0 0 0 0 0 0 0 0 0 0 0 0 0 0 0 0 0 0 0 0
0 0 0 0 0 0 0 0 0 0 0 0 0 0 0 0 0 0 0 0
0 0 0 0 0 0 0 0 0 0 0 0 0 0 0 0 0 0 0 0
0 0 0 0 0 0 0 0 0 0 0 0 0 0 0 0 0 0 0 0
0 0 0 0 0 0 0 0 0 0 0 0 0 0 0 0 0 0 0 0
0 0 0 0 0 0 0 0 0 0 0 0 0 0 0 0 0 0 0 0
0 0 0 0 3 0 0 0 0 0 0 0 0 0 0 0 0 0 0 0
0 0 0 0 0 0 0 0 0 0 0 0 0 0 0 0 0 0 0 0
0 1 1 1 3 1 1 1 1 1 1 1 1 1 0 1 1 1 1 1
1 1 1 1 0 1 1 1 1 1 1 1 1 1 0 1 1 1 1 1
1 1 1 1 0 1 1 1 1 1 1 1 1 1 0 1 1 1 1 1
1 1 1 0 3 1 1 1 1 1 1 1 1 1 0 1 1 1 1 1
1 1 0 0 0 1 1 1 1 1 1 1 1 1 0 1 1 1 1 1
1 0 0 0 0 1 1 1 1 1 1 0 0 0 0 1 1 1 1 1
0 0 0 0 0 1 1 1 1 1 1 0 0 0 0 1 1 1 1 1
0 0 0 0 0 0 1 1 1 1 1 0 0 0 0 1 1 1 1 1
0 0 1 1 0 0 1 1 1 1 1 0 0 0 0 1 1 1 1 1
0 0 1 1 0 0 0 0 1 1 1 0 0 0 0 1 1 1 1 1
0 0 0 0 0 0 0 0 0 1 1 0 0 0 0 1 1 1 1 1
0 0 0 0 0 0 0 0 0 0 0 0 0 0 0 0 0 0 0 0
1 1 1 1 0 1 1 1 1 1 0 0 0 0 0 0 0 0 0 0
1 1 1 1 0 1 1 1 1 1 1 1 1 1 0 1 1 1 1 1
1 1 1 1 0 1 1 1 1 1 1 1 1 1 0 1 1 1 1 1
1 1 1 1 0 0 1 1 1 1 1 1 1 1 0 1 1 1 1 1
1 1 1 1 0 1 1 1 1 1 1 1 1 1 0 1 1 1 1 1
1 1 1 1 0 1 1 1 1 1 1 1 1 1 0 1 1 1 1 1
1 1 1 1 0 1 1 1 1 1 1 1 1 1 0 1 1 1 1 1
1 1 1 1 0 1 1 1 1 1 1 1 1 1 0 1 1 1 1 1
1 1 1 1 0 1 1 1 1 1 1 1 1 1 0 1 1 1 1 1
1 1 1 1 0 1 1 1 1 1 1 1 1 1 0 1 1 1 1 1
1 1 1 1 0 1 1 1 1 1 1 1 1 1 0 1 1 1 1 1
1 1 1 1 0 1 1 1 1 1 1 1 1 1 0 1 1 1 1 1
1 1 1 1 0 1 1 1 1 1 1 1 1 1 0 1 1 1 1 1
1 1 1 1 0 0 1 1 1 1 1 1 1 1 0 1 1 1 1 1
0 0 0 0 0 0 0 0 0 0 0 0 0 0 0 0 0 0 0 0
0 0 0 0 0 0 0 0 0 0 0 0 0 0 0 0 0 0 0 0
0 0 0 0 0 0 0 0 0 0 0 0 0 0 0 0 0 0 0 0
0 0 0 0 0 0 0 0 0 0 3 3 3 0 0 0 0 0 0 0
0 0 0 0 0 0 0 0 0 0 0 0 0 0 0 0 0 0 0 0
0 0 0 0 0 0 0 0 0 0 0 0 0 0 0 0 0 0 0 0
0 0 0 0 0 0 0 0 0 0 0 0 0 0 0 0 0 0 0 0
0 0 0 0 0 0 0 0 0 0 0 0 0 0 0 0 0 0 0 0
//
/
12
0 0 0 0 0 0 0 0 0 0 0 0
0 0 0 0 0 0 0 0 0 0 0 0
0 0 0 0 0 0 0 0 0 0 0 0
0 0 0 0 0 0 0 0 0 0 0 0
0 0 0 0 0 0 0 0 0 0 0 0
0 0 0 0 0 0 0 0 0 0 0 0
0 0 0 0 0 0 0 0 0 0 0 0
1 1 1 1 0 1 1 1 1 1 1 1
1 1 1 1 0 1 1 1 1 1 1 1
1 1 1 1 0 0 1 1 1 1 1 1
1 1 1 1 0 0 1 1 1 1 1 1
1 1 1 1 1 0 1 1 1 1 1 1
1 1 1 1 1 0 0 1 1 1 1 1
1 1 1 1 1 0 0 1 1 1 1 1
1 1 1 1 1 0 0 1 1 1 1 1
1 1 1 1 0 0 0 1 1 1 1 1
1 1 1 1 0 0 0 0 1 1 1 1
1 1 1 1 0 1 1 1 1 1 1 1
1 1 1 1 0 0 1 1 1 1 1 1
1 1 1 1 0 0 1 1 1 1 1 1
1 1 1 1 0 1 1 1 1 1 1 1
1 1 1 1 0 1 1 1 1 1 1 1
1 1 1 1 0 1 1 1 1 1 1 1
1 1 1 1 0 1 1 1 1 1 1 1
1 1 1 1 0 1 1 1 1 1 1 1
1 1 1 1 0 1 1 1 1 1 1 1
1 1 1 1 0 1 1 1 1 1 1 1
1 1 1 1 0 1 1 1 1 1 1 1
1 1 1 1 0 1 1 1 1 1 1 1
1 1 1 1 0 0 1 1 1 1 1 1
1 1 1 1 0 1 1 1 1 1 1 1
1 1 1 1 0 1 1 1 1 1 1 1
1 0 0 0 0 0 0 0 0 0 0 1
0 0 0 0 0 0 0 0 0 0 0 0
0 0 0 0 0 0 0 0 0 0 0 0
0 0 0 0 0 0 0 0 0 0 0 0
0 0 0 0 0 0 0 0 0 0 0 0
0 0 0 0 0 0 0 0 0 0 0 0
0 0 0 0 0 0 0 0 0 0 0 0
0 0 0 0 0 0 0 0 0 0 0 0
//
/
10
0 0 0 0 0 0 0 0 0 0
0 0 0 0 0 0 0 0 0 0
0 0 0 0 0 0 0 0 0 0
0 0 0 0 0 0 0 0 0 0
0 0 0 0 0 0 0 0 0 0
0 0 0 0 0 0 0 0 0 0
1 1 1 1 0 1 1 1 1 1
1 1 1 1 0 1 1 1 1 1
1 1 1 0 0 1 1 1 1 1
1 1 0 0 0 1 1 1 1 1
1 0 0 0 0 1 1 1 1 1
0 0 0 0 0 1 1 1 1 1
0 0 0 0 0 0 1 1 1 1
0 0 1 1 0 0 1 1 1 1
0 0 1 1 0 0 0 0 1 1
0 0 0 0 0 0 0 0 0 1
0 0 0 0 0 0 0 0 0 0
1 1 1 1 0 1 1 1 1 1
1 1 1 1 0 1 1 1 1 1
0 0 0 0 0 0 0 1 0 0
0 0 0 0 0 0 1 0 0 0
0 0 0 0 0 0 0 0 0 0
0 0 0 0 0 0 0 0 0 0
0 0 0 0 0 0 0 0 0 0
0 0 0 0 0 0 0 0 0 0
0 0 0 0 0 0 0 0 0 0
0 0 0 0 0 0 0 0 0 0
//
